0000000000000000000001011100111000000000000000000000011000100010
0000000000000000000000000000000111111111111111111111111111111111
1111111111111111111111111111110100000000000000000000000000001101
0000000000000000000000000000110100000000000000000000000000000000
0000000000000000000000000000100100000000000000000000000000010000
0000000000000000000000000000100011111111111111111111111111111111
1111111111111111111111111111110000000000000000000000000000000110
0000000000000000000000000000111000000000000000000000000000001011
1111111111111111111111111100110000000000000000000000000000110011
0000000000000000000000000000010000000000000000000000000000000111
0000000000000000000000000000010100000000000000000000000000000011
0000000000000000000000000000010111111111111111111111111111111000
1111111111111111111111111111100111111111111111111111111111111110
0000000000000000000000000000000100000000000000000000000000000010
0000000000000000000000000000011000000000000000000000000000000110
0000000000000000000000000001111011111111111111111111111111101001
1111111111111111111111111100010000000000000000000000000001010001
0000000000000000000000000000011100000000000000000000000000000010
1111111111111111111111111111110000000000000000000000000000000100
0000000000000000000000000000010100000000000000000000000000000100
1111111111111111111111111111010100000000000000000000000000010000
0000000000000000000000000000100000000000000000000000000000000101
0000000000000000000000000000001100000000000000000000000000000000
0000000000000000000000000000011011111111111111111111111111111011
1111111111111111111111111111100111111111111111111111111111111100
0000000000000000000000000000000000000000000000000000000000000000
0000000000000000000000000000001100000000000000000000000000001001
0000000000000000000000000001001111111111111111111111111111111010
0000000000000000000000000000010100000000000000000000000000001000
0000000000000000000000000000011111111111111111111111111111111100
0000000000000000000000000000000100000000000000000000000000001000
0000000000000000000000000001001000000000000000000000000000010010
0000000000000000000000000001000000000000000000000000000010001011
0000000000000000000000000000010111111111111111111111111111111111
1111111111111111111111111111101100000000000000000000000000001011
0000000000000000000000000000101000000000000000000000000000000101
1111111111111111111111111111111000000000000000000000000000010001
0000000000000000000000000000100100000000000000000000000000000001
1111111111111111111111111111111000000000000000000000000000000001
0000000000000000000000000000001100000000000000000000000000000100
1111111111111111111111111111000011111111111111111111111111110111
0000000000000000000000000000000000000000000000000000000000000101
0000000000000000000000000000011000000000000000000000000000000111
0000000000000000000000000000110011111111111111111111111111111000
0000000000000000000000000000000000000000000000000000000000000010
0000000000000000000000000000001011111111111111111111111111111101
0000000000000000000000000000010000000000000000000000000000001000
0000000000000000000000000001011011111111111111111111111111100010
1111111111111111111111111010000100000000000000000000000001001100
0000000000000000000000000000011100000000000000000000000000000101
0000000000000000000000000000000000000000000000000000000000000001
0000000000000000000000000000001011111111111111111111111111111101
1111111111111111111111111111011000000000000000000000000000000111
0000000000000000000000000000010000000000000000000000000000000111
0000000000000000000000000000011000000000000000000000000000000011
0000000000000000000000000000110011111111111111111111111111101110
0000000000000000000000000000110000000000000000000000000000001100
0000000000000000000000000000010011111111111111111111111111111101
1111111111111111111111111111111100000000000000000000000000001010
0000000000000000000000000001001100000000000000000000000000000101
0000000000000000000000000000001000000000000000000000000000001100
0000000000000000000000000000101111111111111111111111111111111101
1111111111111111111111111111111000000000000000000000000000000100
0000000000000000000000000100000111111111111111111111110110100011
1111111111111111111111101101000000000000000000000000000011111011
0000000000000000000000000000010100000000000000000000000000000111
0000000000000000000000000000001100000000000000000000000000000100
0000000000000000000000000000001111111111111111111111111111111011
1111111111111111111111111111100100000000000000000000000000000000
0000000000000000000000000000000100000000000000000000000000000101
0000000000000000000000000000011000000000000000000000000000000110
0000000000000000000000000001000111111111111111111111111111110011
0000000000000000000000000000100000000000000000000000000000100001
0000000000000000000000000000011011111111111111111111111111111111
1111111111111111111111111111110100000000000000000000000000001000
0000000000000000000000000000110000000000000000000000000000000110
1111111111111111111111111111101100000000000000000000000000001101
0000000000000000000000000000101100000000000000000000000000000000
0000000000000000000000000000000000000000000000000000000000000001
1111111111111111111111111111001111111111111111111111111111110101
1111111111111111111111111011010100000000000000000000000000000101
0000000000000000000000000000000000000000000000000000000000000010
0000000000000000000000000000001100000000000000000000000000001010
0000000000000000000000000000110111111111111111111111111111111010
0000000000000000000000000000010100000000000000000000000000001000
0000000000000000000000000000010011111111111111111111111111111101
0000000000000000000000000000000000000000000000000000000000001001
0000000000000000000000000010000000000000000000000000000000000111
1111111111111111111111111111001000000000000000000000000000011010
0000000000000000000000000000100000000000000000000000000000000100
0000000000000000000000000000001000000000000000000000000000000001
0000000000000000000000000000001011111111111111111111111111111101
1111111111111111111111111111100100000000000000000000000000000110
0000000000000000000000000000010100000000000000000000000000000110
0000000000000000000000000000011000000000000000000000000000000011
0000000000000000000000000101011011111111111111111111110011100000
1111111111111111111111111011000100000000000000000000000000100100
0000000000000000000000000000000100000000000000000000000000000110
0000000000000000000000000000011000000000000000000000000000001000
0000000000000000000000000000100011111111111111111111111111111001
1111111111111111111111111111111100000000000000000000000000000000
0000000000000000000000000000000111111111111111111111111111111111
0000000000000000000000000000001100000000000000000000000000001000
0000000000000000000000000001110011111111111111111111111111111010
1111111111111111111111111111100100000000000000000000000000010000
0000000000000000000000000000100000000000000000000000000000000010
1111111111111111111111111111110100000000000000000000000000000011
0000000000000000000000000000011000000000000000000000000000000101
1111111111111111111111111111100100000000000000000000000000001100
0000000000000000000000000000101000000000000000000000000000000101
0000000000000000000000000000010000000000000000000000000000000000
1111111111111111111111111101111011111111111111111111111111001101
1111111111111111111111111101100000000000000000000000000000101111
0000000000000000000000000000001011111111111111111111111111111110
0000000000000000000000000000000000000000000000000000000000001011
0000000000000000000000000001000011111111111111111111111111111111
0000000000000000000000000000001100000000000000000000000000001011
0000000000000000000000000000100111111111111111111111111111111110
1111111111111111111111111111111000000000000000000000000000000101
0000000000000000000000000000101100000000000000000000000000010001
1111111111111111111111111111011000000000000000000000000000001100
0000000000000000000000000000010100000000000000000000000000000111
0000000000000000000000000000010100000000000000000000000000000100
0000000000000000000000000000011111111111111111111111111111111001
1111111111111111111111111111110100000000000000000000000000000010
0000000000000000000000000000001000000000000000000000000000000001
0000000000000000000000000000011000000000000000000000000000000101
0000000000000000000000001110101111111111111111111111111100000011
1111111111111111111111011111110111111111111111111111111111101001
0000000000000000000000000000000000000000000000000000000000000100
0000000000000000000000000000011000000000000000000000000000001000
0000000000000000000000000000101111111111111111111111111111111010
1111111111111111111111111111110100000000000000000000000000000110
0000000000000000000000000000001011111111111111111111111111111111
0000000000000000000000000000001000000000000000000000000000001010
0000000000000000000000000001100100000000000000000000000000000000
1111111111111111111111111110100100000000000000000000000000001000
0000000000000000000000000000100100000000000000000000000000000100
1111111111111111111111111111111000000000000000000000000000000010
0000000000000000000000000000010000000000000000000000000000000010
1111111111111111111111111111100000000000000000000000000000001100
0000000000000000000000000000011000000000000000000000000000000110
0000000000000000000000000000010000000000000000000000000000000000
