      1570
4294967295
        13
         0
        16
4294967295
         6
        11
        51
         7
         3
4294967288
4294967294
         2
         6
4294967273
        81
         2
         4
         4
        16
         5
         0
4294967291
4294967292
         0
         9
4294967290
         8
4294967292
         8
        18
       139
4294967295
        11
         5
        17
         1
         1
         4
4294967287
         5
         7
4294967288
         2
4294967293
         8
4294967266
        76
         5
         1
4294967293
         7
         7
         3
4294967278
        12
4294967293
        10
         5
        12
4294967293
         4
4294966691
       251
         7
         4
4294967291
         0
         5
         6
4294967283
        33
4294967295
         8
         6
        13
         0
         1
4294967285
         5
         2
        10
4294967290
         8
4294967293
         9
         7
        26
         4
         1
4294967293
         6
         6
         3
4294966496
        36
         6
         8
4294967289
         0
4294967295
         8
4294967290
        16
         2
         3
         5
        12
         5
         0
4294967245
        47
4294967294
        11
4294967295
        11
4294967294
         5
        17
        12
         7
         4
4294967289
         2
         1
         5
4294967043
4294967273
         4
         8
4294967290
         6
4294967295
        10
         0
         8
         4
         2
         2
        12
         6
         0
4294967271
        31
4294967295
        11
         5
        16
4294967295
         3
         9
         2
         6
         4
4294967284
         2
         0
         7
4294967063
4294967265
         1
        11
4294967294
        13
4294967293
         7
         9
        30
         7
         2
4294967289
         2
         4
         3
4294967216
4294967294
         0
         5
         6
        19
         3
         1
4294967290
4294967292
         2
         8
4294967283
         4
4294967291
         8
       523
       299
         4
         1
         2
        16
         7
         2
4294967289
4294967293
         0
        11
4294967293
        10
4294967292
         5
        32
4294967293
         6
         4
4294967289
         1
         1
         7
4294967282
        14
         0
         3
         4
        13
         4
         0
       651
        86
         7
         2
4294967294
         4
         4
         4
4294967279
        18
4294967294
         9
         3
        13
4294967295
         2
4294967206
4294967247
         3
         9
4294967289
         8
4294967293
         8
4294967292
        22
         4
         2
4294967294
         6
         6
         0
4294966736
      1562
         8
4294967286
4294967290
         7
         5
4294967289
4294967293
        17
         1
         0
4294967291
4294967279
         7
         0
4294967258
        59
         4
4294967285
         1
4294967285
         0
         3
4294967285
4294967278
        10
4294967292
4294967278
4294967294
         2
4294967294
         8
       131
         7
4294967284
4294967292
4294967295
         2
4294967294
4294967295
4294967271
         5
4294967295
4294967284
4294967288
         7
4294967294
4294967256
        37
         2
4294967291
         2
4294967281
         2
         3
4294967271
         6
        10
4294967289
4294967285
4294967292
4294967292
         3
4294966680
       228
         0
4294967292
         3
4294967280
         6
         0
4294967274
        23
         7
4294967287
4294967291
4294967287
4294967294
         3
4294967285
4294967274
         7
4294967291
4294967286
4294967295
         7
4294967291
4294967283
         3
         2
4294967295
4294967293
4294967282
         2
         4
4294966486
        15
         1
4294967294
4294967292
4294967285
        10
4294967293
4294967273
         1
         4
4294967290
4294967295
4294967283
4294967294
         6
4294967250
        22
         9
4294967288
4294967284
4294967294
         2
4294967293
         6
4294967288
         2
         1
4294967287
4294967285
         5
         2
4294967025
4294967253
         3
4294967295
4294967292
4294967288
         9
4294967290
4294967278
4294967284
         2
4294967290
         0
4294967283
         1
         5
4294967275
        24
         9
4294967284
4294967289
         0
         1
4294967295
         5
4294967275
         4
         0
4294967281
4294967288
         7
4294967295
4294967052
4294967242
         6
4294967290
4294967287
         1
         7
4294967290
4294967290
         0
         0
4294967294
4294967292
4294967282
         4
         4
4294967216
4294967293
         6
4294967286
4294967294
4294967288
4294967295
         3
4294967291
4294967273
         7
4294967295
4294967271
4294967292
         4
4294967295
       477
       279
         3
4294967287
         2
4294967284
         1
         2
4294967287
4294967278
         8
4294967288
4294967281
         0
         3
         0
        26
4294967276
         2
4294967294
4294967292
4294967285
         8
4294967295
4294967271
4294967295
         4
4294967290
4294967289
4294967285
4294967293
         6
       583
        60
         0
4294967291
         3
4294967281
         4
         3
4294967275
         8
         9
4294967286
4294967286
4294967292
4294967293
         3
4294967222
4294967237
         6
4294967293
4294967283
4294967293
         8
4294967292
4294967279
4294967291
         1
4294967294
4294967291
4294967282
         0
         7
4294966733
      1554
