3470655488
4278648831
3520724992
1862336512
 287506432
2303131647
2995585024
2750152704
3302817792
 202506240
3057451008
3824222207
2718236672
 450232319
3642818560
4159832063
3430023168
3926851584
 144572416
4074897407
4033871871
3777298432
4191944704
 110952448
4184080383
3976331264
4071817216
4246274048
 207486976
4068343807
4150329344
4056154112
 169607168
4269867008
4193255424
4029743104
4264361984
  93519872
4290379776
4158062592
4119330816
  51707904
  92930048
4261806080
4144365568
4194369536
  63832064
  77398016
4187160575
4174839808
4228513792
 121176064
  20381696
4215668736
4190765056
  33947648
 102301696
   7471104
4189978624
4225957888
  52690944
  79167488
4252303360
4204855296
4256169984
 108593152
  56688640
4257480704
4226613248
  27918336
 105512960
  24248320
4227399680
4236640256
  53739520
  84082688
   2490368
4225040384
   3276800
  83558400
 100007936
4268687360
4257742848
  15990784
 109510656
  39452672
4256038912
4241162240
  61865984
  98238464
  37158912
4251320320
4291231744
 116129792
  96075776
  13434880
4226285568
  34865152
 100794368
  65470464
4264689664
4273930240
  58458112
 119734272
  49217536
4280942592
  11141120
 101974016
 104726528
  24969216
4264427520
  27066368
 100073472
  80871424
4293394432
4282974208
  65273856
 128385024
  73793536
   3735552
  13041664
  94896128
 116916224
  35454976
4277141504
  26083328
 110755840
  96993280
  26411007
4289724416
  82968576
 131661824
  98172927
  12976128
  20905984
  88604672
 130351104
  50135039
4292542464
  29360128
 121307136
 126550016
  43778047
  16318464
  76808192
 154599424
 106889215
  27328512
   8716288
 100335616
 133431296
  78249983
    458752
  42336256
 134938624
 159449088
  66387967
  31129600
  84213760
 157024256
 140836863
  35913727
  20447232
  99418112
 155648000
  99352575
  19333119
  57737216
 138543104
 187432959
  81199103
  34078720
  77856768
 170590208
 155123711
  46399487
  24772608
 104398848
 190054400
 133300223
  45088767
  54657024
 169345024
 203489279
 122814463
  24838143
  94371840
 172032000
 200605695
  56819711
  37289984
 112918528
 222035968
 184418303
  56360959
  73793536
 175570944
 251854847
 144900095
  39518207
  82640896
 221773824
 227344383
 117833727
  32964607
 147521536
 278069247
 245628927
  95485951
  80150528
 208142336
 319225855
 205651967
  64684031
 102629376
 272302080
 325517311
 198574079
  37486591
 223870976
 325255168
 388300799
 124583935
  91488255
 246677504
 420216832
 284098559
  84410367
  57278464
 316866560
 474808319
 150863871
 110624767
4275175424
 548274176
 313458687
 205848575
4113563647
 196476928
 394526719
 507117567
4009951231
4075749375
4275109888
 377159679
4108713983
3734831103
2793275391
 295108608
 748486655
1447755775
3427729408
1099235327
4275568640
3942449151
 971309055
3348103168
4170383359
3202678784
1385365504
4241555456
2272329727
2815557632
2424504320
2957705216
4282843136
2980773887
3763994623
2327314432
 355532799
3333488640
  95354879
3101556736
3836805119
4125622272
4057595903
4077584383
3547267072
4018208768
4186112000
4203347967
3987865599
3823304704
4079615999
   9699328
4154916863
4039770111
3857252351
4223926272
4204003327
4237426687
3928621055
4062052351
4201906176
  14352383
4183621631
4005691391
4128178176
4259446783
   2359295
4171038719
4015259647
4208984063
4259381247
  39976959
4127588351
4129423359
4242866176
  47251455
  19726335
4156030975
4171431935
4276551679
  67895295
4277141503
4174708735
4201250815
  44564479
  78249983
  10092543
4189585407
4290510847
  60620799
 114491391
4254531583
4235788287
4285267967
 101515263
  87752703
4272881663
4265148415
  55640063
 138805247
  95420415
4283170815
4291756031
  78315520
 139788287
  62193663
4283105279
  11337727
 115671039
 147652607
  74907647
  12058623
  57999360
 139788287
 150339583
  56492031
4289462271
  65863680
 136970239
 153616383
  27721727
  36044800
 104529920
 182714367
 114294783
  43384831
  38010880
 127336448
 155254783
  85196799
  15466495
  49741824
 135987200
 152698879
  80084991
  27918336
  81068032
 152305664
 140115967
  52101119
  11993088
  76349440
 136445952
 105709567
  27197439
  16711680
 101384192
 146014208
  95158271
  13565952
  28770304
  96206848
 126353408
  39387136
4281139200
  11599872
  96600064
  98435072
  33095680
4271046656
  40697856
  99221504
  86441984
4283957248
4251582464
  24707072
  74448896
  39583744
4243324928
4251844608
  32964608
  84017152
  14876672
4236836864
4249157632
  35192832
  46596096
4247322624
4193583104
4230217728
  14942208
  23134208
4230217728
4185391104
4248371200
  36765696
   5832704
4196073472
4170317824
4243980288
4293525504
4252434432
4141940736
4173004800
4242079744
  15859712
4213702655
4143906816
4171890688
4255318016
4278779904
4163108863
4109959168
4154720256
4256169984
4243587071
4141154303
4106485760
4181917696
4279959552
4225040383
4115791871
4094754816
4187291648
4263575552
4170055679
4078698495
4089839616
4212523008
4270129151
4161732607
4070703103
4126408704
4227334144
4275765247
4094754815
4071161855
4103012352
4278452223
4217634815
4113891327
4047503359
4192468992
  14876671
4233035775
4101308415
4062642175
4248502271
  23265279
4218683391
4076601343
4101570559
  23461887
  95158271
4213702655
4122345471
4165730303
 133038079
 129433599
4183883775
4114350079
4208066559
 176422911
 154140671
4080205823
4167172095
4187226112
 365821951
4285136895
4166516735
3920101375
 135856128
 173670399
 156172287
3723624447
3867475967
4290838528
  63897599
3605135359
3396206591
2353070079
 203292672
4222418943
3619160063
 275578880
4259512319
 471400448
3600809983
 616038399
3348103168
